7.7e+01 7.6e+01 7.7e+01 0.0e+00 0.0e+00 1.0e+00 0.0e+00 0.0e+00 0.0e+00 1.0e+00 2.0e+02 2.0e+02 2.0e+02 2.0e+02 2.0e+02 2.0e+02 0.0e+00 0.0e+00 0.0e+00 0.0e+00
7.6e+01 7.7e+01 7.6e+01 7.7e+01 0.0e+00 0.0e+00 0.0e+00 0.0e+00 0.0e+00 1.0e+00 2.0e+02 2.0e+02 2.0e+02 2.0e+02 2.0e+02 2.0e+02 0.0e+00 0.0e+00 0.0e+00 0.0e+00
7.6e+01 7.7e+01 7.7e+01 7.7e+01 7.6e+01 0.0e+00 0.0e+00 1.0e+00 0.0e+00 1.0e+00 2.0e+02 2.0e+02 2.0e+02 2.0e+02 2.0e+02 2.0e+02 0.0e+00 0.0e+00 0.0e+00 0.0e+00
1.3e+02 7.6e+01 7.7e+01 7.6e+01 7.7e+01 7.6e+01 0.0e+00 0.0e+00 0.0e+00 1.0e+00 2.0e+02 2.0e+02 2.0e+02 2.0e+02 2.0e+02 2.0e+02 0.0e+00 0.0e+00 0.0e+00 0.0e+00
1.3e+02 1.3e+02 7.6e+01 7.6e+01 7.6e+01 7.7e+01 7.7e+01 0.0e+00 0.0e+00 0.0e+00 0.0e+00 2.0e+02 2.0e+02 2.0e+02 2.0e+02 2.0e+02 0.0e+00 0.0e+00 0.0e+00 0.0e+00
1.3e+02 1.3e+02 1.3e+02 7.6e+01 7.7e+01 7.7e+01 7.6e+01 7.7e+01 0.0e+00 1.0e+00 1.0e+00 1.0e+00 2.0e+02 2.0e+02 2.0e+02 2.0e+02 0.0e+00 0.0e+00 0.0e+00 0.0e+00
1.3e+02 1.3e+02 1.3e+02 1.3e+02 7.6e+01 7.7e+01 7.7e+01 7.6e+01 7.7e+01 0.0e+00 0.0e+00 1.0e+00 1.0e+00 2.0e+02 2.0e+02 2.0e+02 0.0e+00 0.0e+00 0.0e+00 0.0e+00
1.3e+02 1.3e+02 1.3e+02 1.3e+02 1.3e+02 7.6e+01 7.6e+01 7.7e+01 7.6e+01 7.7e+01 0.0e+00 1.0e+00 0.0e+00 0.0e+00 2.0e+02 2.0e+02 0.0e+00 0.0e+00 0.0e+00 0.0e+00
1.3e+02 1.3e+02 1.3e+02 1.3e+02 1.3e+02 1.3e+02 7.7e+01 7.5e+01 7.6e+01 7.6e+01 7.6e+01 0.0e+00 0.0e+00 0.0e+00 0.0e+00 2.0e+02 0.0e+00 0.0e+00 0.0e+00 0.0e+00
1.7e+02 1.3e+02 1.3e+02 1.3e+02 1.3e+02 1.3e+02 1.3e+02 7.7e+01 7.6e+01 7.7e+01 7.7e+01 7.6e+01 1.0e+00 0.0e+00 1.0e+00 0.0e+00 1.0e+00 0.0e+00 1.0e+00 0.0e+00
1.8e+02 1.8e+02 1.3e+02 1.3e+02 1.3e+02 1.3e+02 1.3e+02 1.3e+02 7.7e+01 7.6e+01 7.6e+01 7.7e+01 7.6e+01 0.0e+00 0.0e+00 0.0e+00 0.0e+00 1.0e+00 0.0e+00 0.0e+00
1.8e+02 1.8e+02 1.8e+02 1.3e+02 1.3e+02 1.3e+02 1.3e+02 1.3e+02 1.3e+02 7.7e+01 7.6e+01 7.6e+01 7.6e+01 7.6e+01 1.0e+00 0.0e+00 0.0e+00 0.0e+00 0.0e+00 0.0e+00
1.8e+02 1.8e+02 1.8e+02 1.7e+02 1.3e+02 1.3e+02 1.3e+02 1.3e+02 1.3e+02 1.3e+02 7.7e+01 7.6e+01 7.6e+01 7.7e+01 7.6e+01 0.0e+00 0.0e+00 2.0e+00 1.0e+00 0.0e+00
1.8e+02 1.8e+02 1.8e+02 1.8e+02 1.8e+02 1.3e+02 1.3e+02 1.3e+02 1.3e+02 1.3e+02 1.3e+02 7.7e+01 7.6e+01 7.6e+01 7.7e+01 7.6e+01 1.0e+00 0.0e+00 1.0e+00 1.0e+00
1.8e+02 1.8e+02 1.8e+02 1.8e+02 1.8e+02 1.8e+02 1.3e+02 1.3e+02 1.3e+02 1.3e+02 1.3e+02 1.3e+02 7.7e+01 7.6e+01 7.7e+01 7.6e+01 7.6e+01 1.0e+00 0.0e+00 0.0e+00
1.8e+02 1.8e+02 1.8e+02 1.8e+02 1.8e+02 1.8e+02 1.7e+02 1.3e+02 1.3e+02 1.3e+02 1.3e+02 1.3e+02 1.3e+02 7.7e+01 7.6e+01 7.6e+01 7.6e+01 7.6e+01 1.0e+00 0.0e+00
1.8e+02 1.8e+02 1.8e+02 1.8e+02 1.8e+02 1.8e+02 1.8e+02 1.8e+02 1.3e+02 1.3e+02 1.3e+02 1.3e+02 1.3e+02 1.3e+02 7.7e+01 7.7e+01 7.6e+01 7.6e+01 7.6e+01 1.0e+00
1.8e+02 1.8e+02 1.8e+02 1.8e+02 1.8e+02 1.8e+02 1.8e+02 1.8e+02 1.3e+02 1.3e+02 1.3e+02 1.3e+02 1.3e+02 1.3e+02 1.3e+02 7.7e+01 7.6e+01 7.7e+01 7.7e+01 7.7e+01
1.8e+02 1.8e+02 1.8e+02 1.8e+02 1.8e+02 1.8e+02 1.8e+02 1.8e+02 1.8e+02 1.8e+02 1.3e+02 1.3e+02 1.3e+02 1.3e+02 1.3e+02 1.3e+02 7.7e+01 7.6e+01 7.6e+01 7.6e+01
1.8e+02 1.8e+02 1.8e+02 1.8e+02 1.8e+02 1.8e+02 1.8e+02 1.8e+02 1.8e+02 1.8e+02 1.8e+02 1.3e+02 1.3e+02 1.3e+02 1.3e+02 1.3e+02 1.3e+02 7.6e+01 7.7e+01 7.6e+01
